    2,    0, -1.7511179809999999e-02,  0.0000000000000000e+00 
    2,    1, -2.2702245980000000e-06,  2.8203179269999999e-08 
    2,    2,  5.8193924620000004e-03, -1.9725096689999999e-05 
    3,    0,  5.6102232060000002e-03,  0.0000000000000000e+00 
    3,    1,  1.5471424020000000e-03,  1.5367590569999999e-03 
    3,    2,  1.1152512079999999e-04,  6.3549319759999997e-05 
    3,    3,  2.6659883690000000e-03, -9.3320626640000005e-04 
    4,    0,  1.0249805969999999e-02,  0.0000000000000000e+00 
    4,    1,  4.3602995780000001e-04,  1.8561637419999999e-03 
    4,    2, -2.1918593300000000e-03,  7.7490627409999998e-04 
    4,    3, -1.0760532610000000e-03,  1.0240624190000000e-04 
    4,    4,  2.1356023950000001e-03,  3.0683624259999999e-03 
    5,    0, -1.3766889559999999e-03,  0.0000000000000000e+00 
    5,    1,  5.1610518200000002e-04, -7.8603158730000002e-05 
    5,    2,  5.4643357740000002e-04, -1.2414414320000000e-03 
    5,    3,  4.2499827590000000e-04,  2.2689275079999999e-04 
    5,    4,  1.3800737060000001e-03, -5.0380075940000002e-04 
    5,    5,  4.8691129910000000e-04,  5.2406939820000005e-04 
    6,    0, -2.4871020140000001e-03,  0.0000000000000000e+00 
    6,    1,  1.1514101620000001e-03, -8.3550768479999997e-06 
    6,    2,  7.2806032580000003e-04, -2.9364847730000001e-04 
    6,    3,  1.3360569230000000e-03, -9.7063358640000000e-04 
    6,    4, -5.0900653000000005e-04, -6.4853055490000000e-04 
    6,    5,  1.2360159800000001e-04, -5.9927003779999995e-04 
    6,    6,  7.1948234450000005e-04, -5.0024956500000001e-05 
    7,    0,  9.8097596559999995e-04,  0.0000000000000000e+00 
    7,    1,  5.7622477060000001e-04,  3.5015161240000000e-04 
    7,    2,  1.9148356000000001e-05,  9.8723201439999999e-05 
    7,    3,  1.2712655170000000e-05, -2.0449939260000000e-04 
    7,    4, -1.9592453669999999e-05,  2.0698627759999999e-04 
    7,    5, -6.2912174119999999e-04,  4.2087875160000003e-05 
    7,    6, -2.9907019039999999e-04,  3.5263850259999998e-04 
    7,    7,  9.5214219830000002e-04, -3.7221240550000003e-04 
    8,    0,  1.7528060460000000e-03,  0.0000000000000000e+00 
    8,    1, -1.4552701310000001e-04,  4.8210259300000000e-04 
    8,    2, -4.0453178769999997e-04, -9.4204699460000006e-05 
    8,    3,  1.7931142160000001e-05, -5.8977775270000000e-05 
    8,    4,  7.0242737839999996e-04,  9.3324081920000005e-04 
    8,    5,  2.3879410749999999e-04, -4.7564923769999999e-06 
    8,    6, -5.8375364729999996e-04,  2.9115202349999999e-04 
    8,    7,  4.1233332310000001e-04,  3.6248589530000000e-04 
    8,    8, -9.2366086280000004e-04, -1.2160331720000000e-04 
    9,    0, -5.9076702920000002e-04,  0.0000000000000000e+00 
    9,    1,  2.6054221999999999e-04, -1.2427183069999999e-04 
    9,    2,  6.7454155780000006e-05, -1.5644299639999999e-04 
    9,    3,  3.0910374040000002e-04, -1.9325702480000001e-05 
    9,    4,  2.1782714769999999e-04, -4.3849301279999998e-05 
    9,    5,  1.0979858699999999e-04, -5.0230743060000003e-05 
    9,    6,  1.3509590279999999e-04, -3.8673945269999998e-04 
    9,    7, -2.9867899089999999e-04,  1.2873019010000000e-04 
    9,    8, -1.6454533809999999e-05, -1.7692420100000000e-04 
    9,    9,  3.5534086030000002e-04,  9.2714719899999998e-05 
   10,    0, -9.1366115040000004e-04,  0.0000000000000000e+00 
   10,    1,  4.7919405119999998e-04, -1.5142690619999999e-04 
   10,    2,  4.3528220840000000e-04, -9.1801717910000000e-05 
   10,    3,  3.5789366930000000e-04, -2.8774558749999999e-04 
   10,    4, -2.8616161810000000e-04, -3.2498841719999998e-04 
   10,    5,  4.4478430550000000e-06,  1.4243394280000001e-04 
   10,    6,  3.2815117330000000e-04, -7.7271092629999997e-05 
   10,    7, -9.9832409430000000e-08, -2.1650350100000000e-04 
   10,    8,  2.4767278380000000e-04, -2.1809197140000001e-05 
   10,    9, -2.1127020720000000e-04,  1.7505806300000001e-04 
   10,   10, -1.1302678110000000e-04,  1.7759792400000001e-04 
   11,    0,  4.8203889520000002e-04,  0.0000000000000000e+00 
   11,    1,  2.1397821770000001e-05,  2.1626923629999999e-04 
   11,    2, -6.1085442990000004e-05,  1.1639478639999999e-04 
   11,    3,  2.8454839830000000e-05, -1.0981266510000000e-04 
   11,    4,  2.3759107439999999e-05,  1.0109695790000000e-04 
   11,    5, -1.6391943640000001e-04, -3.9755590590000004e-06 
   11,    6, -2.0232422160000000e-05,  2.1434740219999999e-04 
   11,    7,  2.0539501120000000e-04, -8.1530275669999998e-05 
   11,    8, -5.1686903500000001e-06,  6.6216804840000002e-05 
   11,    9, -2.6345272570000000e-04, -1.3555300929999999e-04 
   11,   10,  3.4461402539999998e-05,  3.1493935360000003e-05 
   11,   11,  1.4449280510000001e-04,  7.1228612929999998e-05 
   12,    0,  7.2879248239999996e-04,  0.0000000000000000e+00 
   12,    1, -9.2691494900000007e-05,  2.2455852790000000e-04 
   12,    2, -3.6407091130000001e-04,  6.6664257680000002e-05 
   12,    3, -5.1940022640000003e-05,  6.4674709390000001e-05 
   12,    4,  4.2545539680000001e-04,  3.8862737619999998e-04 
   12,    5, -5.6492413529999998e-05, -2.6294963390000000e-05 
   12,    6, -2.9987002540000002e-04, -5.0500882820000000e-05 
   12,    7,  1.1498868369999999e-04,  1.4344474910000000e-04 
   12,    8, -1.4263804039999999e-04,  2.0128428280000000e-06 
   12,    9,  1.1679466090000000e-04, -3.9348971110000001e-05 
   12,   10, -1.2737885590000000e-04, -2.1613229460000000e-04 
   12,   11,  7.4393501179999998e-05,  2.1826059150000001e-04 
   12,   12,  1.4312675350000001e-04,  5.5689717380000003e-05 
   13,    0, -4.1584399669999998e-04,  0.0000000000000000e+00 
   13,    1,  2.2743946550000000e-04, -1.1855198930000000e-04 
   13,    2,  5.2490777609999999e-05, -2.3266644810000002e-05 
   13,    3,  9.2896450850000006e-05,  4.8644589449999997e-05 
   13,    4,  1.1881959940000000e-04, -6.4884679589999995e-05 
   13,    5,  2.1414011340000001e-04,  5.5847917370000001e-05 
   13,    6,  1.2799465709999999e-04, -1.8914239109999999e-04 
   13,    7, -1.2875574010000001e-04,  7.8387835199999997e-06 
   13,    8,  1.1785636640000000e-04,  4.8732444490000003e-05 
   13,    9,  1.3664588230000000e-04,  1.4683802689999999e-04 
   13,   10,  4.0898882010000003e-05, -1.4759203970000001e-05 
   13,   11, -6.8464590619999997e-05, -1.5459470780000001e-05 
   13,   12, -6.5610619010000000e-05,  1.1842765190000000e-04 
   13,   13, -5.9038878729999999e-05,  3.0726378879999998e-04 
   14,    0, -6.1159943990000000e-04,  0.0000000000000000e+00 
   14,    1,  1.8875527530000001e-04, -1.0334430640000000e-04 
   14,    2,  3.7404931630000002e-04, -2.1568351889999999e-05 
   14,    3,  1.5363924419999999e-04, -1.5882335910000000e-04 
   14,    4, -2.7331057220000003e-04, -2.6041710400000000e-04 
   14,    5,  4.2622303740000002e-05,  6.5244803720000005e-05 
   14,    6,  2.8303846599999998e-04, -5.2903610260000001e-06 
   14,    7, -3.6583291559999998e-05, -1.1758623390000000e-04 
   14,    8,  9.8788572979999998e-05, -8.0167280699999994e-05 
   14,    9, -1.2349459860000001e-04,  6.8846768179999996e-05 
   14,   10,  6.2614844480000001e-05,  1.2653739659999999e-04 
   14,   11, -4.3103484780000001e-05, -1.2332695940000000e-04 
   14,   12, -5.4625251150000000e-05, -1.7532142590000001e-04 
   14,   13,  2.9048169209999999e-05,  2.7108618330000000e-05 
   14,   14, -1.1217416850000000e-04,  1.2848684820000001e-04 
   15,    0,  2.9599652329999999e-04,  0.0000000000000000e+00 
   15,    1, -6.0181089170000003e-05,  1.7005563840000000e-04 
   15,    2, -6.7359610920000003e-05,  7.8231471599999995e-05 
   15,    3,  1.1093862319999999e-05, -9.3568659930000006e-05 
   15,    4,  4.3017278169999999e-05,  1.0484685440000000e-04 
   15,    5, -1.9545759800000000e-04,  3.3184419059999998e-05 
   15,    6, -2.7172043040000000e-05,  1.3465933370000000e-04 
   15,    7,  1.8781052109999999e-04, -4.9133012900000003e-06 
   15,    8, -4.5280028860000002e-05, -1.5804708190000001e-06 
   15,    9, -1.5447186540000000e-04, -1.5503478570000001e-04 
   15,   10, -3.4753850440000002e-05,  1.5175196780000001e-05 
   15,   11,  1.5354447899999999e-04,  3.8320387169999998e-05 
   15,   12,  2.3148623720000001e-05, -2.2900287439999998e-05 
   15,   13, -4.8697065449999998e-05, -2.1482288390000000e-04 
   15,   14,  3.0005595199999999e-05,  9.0761701629999997e-05 
   15,   15,  1.6901227620000001e-04,  2.5165538800000001e-04 
   16,    0,  4.3145760730000000e-04,  0.0000000000000000e+00 
   16,    1, -4.3056012930000003e-05,  1.7282183369999999e-04 
   16,    2, -3.4148076790000001e-04,  1.5045172510000001e-05 
   16,    3, -1.0785248920000000e-04,  6.9856438229999994e-05 
   16,    4,  3.5865414100000000e-04,  2.5247336519999998e-04 
   16,    5, -2.3540392000000001e-05, -1.2834530300000001e-05 
   16,    6, -2.3869386669999999e-04, -7.3397649530000005e-05 
   16,    7,  9.8037307670000002e-05,  9.4982125570000002e-05 
   16,    8, -1.0206742219999999e-05,  7.4103582900000002e-05 
   16,    9,  3.9450658049999999e-05, -9.1611332569999992e-06 
   16,   10, -6.0113877450000000e-05, -1.4838929170000000e-04 
   16,   11,  6.3368209600000002e-05,  1.2049244190000000e-04 
   16,   12,  2.2744973350000000e-05,  1.5325454459999999e-04 
   16,   13, -2.4345474780000001e-05,  4.9297469279999997e-05 
   16,   14,  7.8897132539999999e-05, -1.2689329880000001e-04 
   16,   15, -9.9395467360000004e-05,  1.1959522690000001e-04 
   16,   16, -2.1242829979999998e-05,  2.4270691620000001e-04 
